3045518 0 2050 812
3093438 0 2050 827
3092946 0 2050 4860
3093374 0 2050 1020
3093259 0 2050 1760
3093236 0 2050 3293
3079778 0 2050 1183
3045665 0 2050 830
3079763 0 2050 999
3079779 0 2050 1202
3092903 0 2050 1202
3093141 0 2050 814
3093146 0 2050 2372
3093237 0 2050 799
3093317 0 2050 820
3093308 0 2050 2333
3093183 0 2050 818
3093278 0 2050 1607
3093153 0 2050 1979
3017880 0 2050 1008
3093303 0 2050 1198
3093149 0 2050 1208
3045662 0 2050 823
3043301 0 2050 1226
3093208 0 2050 1199
3093355 0 2050 1004
3045676 0 2050 1193
3093264 0 2050 2153
3043188 0 2050 1187
3093289 0 2050 1008
3093351 0 2050 1394
3034893 0 2050 1585
3093360 0 2050 804
3045677 0 2050 1202
3093334 0 2050 1007
3093412 0 2050 1010
3079773 0 2050 800
3093376 0 2050 1010
3093243 0 2050 2145
3093409 0 2050 836
3042701 0 2050 1010
3093444 0 2050 811
3093331 0 2050 3594
3093419 0 2050 1396
3079770 0 2050 3102
3018039 0 2050 1008
3045668 0 2050 792
3093179 0 2050 810
3093337 0 2050 824
3093194 0 2050 1002
3093267 0 2050 1201
3093286 0 2050 817
3093272 0 2050 1017
3043159 0 2050 993
3093449 0 2050 1008
3093357 0 2050 817
3093238 0 2050 799
3093397 0 2050 821
3093173 0 2050 1005
3092931 0 2050 4149
3079777 0 2050 1015
3093257 0 2050 1007
3093301 0 2050 819
3093251 0 2050 2801
3093190 0 2050 823
3093302 0 2050 828
3093398 0 2050 19326
3093387 0 2050 800
3093455 0 2050 2118
3093260 0 2050 816
3093339 0 2050 812
3043161 0 2050 815
3045537 0 2050 1773
3093436 0 2050 1387
3093168 0 2050 2507
3045678 0 2050 2336
3093232 0 2050 819
3079764 0 2050 2730
3093281 0 2050 2542
3093422 0 2050 827
3093192 0 2050 1800
3093180 0 2050 1408
3093418 0 2050 1006
3045671 0 2050 823
3093454 0 2050 1580
3093270 0 2050 811
3093421 0 2050 823
3093386 0 2050 1389
3043167 0 2050 1757
3093191 0 2050 1013
3093171 0 2050 1371
3045669 0 2050 1776
3079772 0 2050 51897
3093322 0 2050 820
3093143 0 2050 822
3093410 0 2050 815
3093440 0 2050 842
3093175 0 2050 1126
3093329 0 2050 1391
3093336 0 2050 1376
3093138 0 2050 4767
3093212 0 2050 2005
3093414 0 2050 813
3043163 0 2050 824
3093199 0 2050 1009
3093282 0 2050 1198
3093136 0 2050 817
3093328 0 2050 1750
3093433 0 2050 1400
3093400 0 2050 803
3093178 0 2050 4362
3093165 0 2050 4265
3093429 0 2050 1203
3093279 0 2050 820
3093154 0 2050 2667
3093330 0 2050 999
3093358 0 2050 815
3093200 0 2050 5387
3093405 0 2050 2141
3093395 0 2050 1965
3093431 0 2050 1201
3079784 0 2050 821
3093189 0 2050 817
3093177 0 2050 2297
3017858 0 2050 1385
3043119 0 2050 820
3093221 0 2050 1369
3093404 0 2050 811
3093203 0 2050 2153
3093249 0 2050 1002
3093349 0 2050 811
3093288 0 2050 811
3045673 0 2050 814
3043156 0 2050 1381
3093391 0 2050 3096
3093250 0 2050 1018
3043154 0 2050 1182
3045392 0 2050 4044
3093216 0 2050 2086
3093385 0 2050 808
3092896 0 2050 1202
3093340 0 2050 819
3093375 0 2050 1037
3043189 0 2050 2223
3092940 0 2050 1962
3043158 0 2050 2330
3093325 0 2050 1401
3093229 0 2050 3296
3093210 0 2050 819
3093424 0 2050 1956
3079766 0 2050 1021
3093338 0 2050 1371
3093443 0 2050 795
3045645 0 2050 17356
3093396 0 2050 3111
3017814 0 2050 1008
3093359 0 2050 1186
3093430 0 2050 1043
3093206 0 2050 1011
3093442 0 2050 1204
3093335 0 2050 826
3093253 0 2050 2155
3093152 0 2050 809
3093233 0 2050 1965
3093333 0 2050 1202
3093159 0 2050 2722
3093432 0 2050 2314
3093445 0 2050 1592
3093195 0 2050 1197
3043166 0 2050 1757
3093292 0 2050 1022
3043157 0 2050 820
3092930 0 2050 3242
3079780 0 2050 816
3093361 0 2050 1784
3093380 0 2050 1376
3093293 0 2050 798
3093353 0 2050 1737
3093388 0 2050 813
3093423 0 2050 3077
3045706 0 2050 1606
3042723 0 2050 1353
3093158 0 2050 818
3093291 0 2050 835
3044447 0 2050 1020
3093425 0 2050 823
3093298 0 2050 1013
3042709 0 2050 995
3093148 0 2050 1210
3093245 0 2050 811
3093382 0 2050 3566
3093181 0 2050 1003
3079781 0 2050 2471
3093307 0 2050 1022
3045657 0 2050 2913
3093320 0 2050 1166
3045679 0 2050 3673
3017817 0 2050 1008
3045685 0 2050 826
3093252 0 2050 1017
3093415 0 2050 8466
3045681 0 2050 839
3093420 0 2050 1002
3092943 0 2050 4255
3093172 0 2050 1431
3045661 0 2050 1619
3093295 0 2050 813
3093323 0 2050 819
3093310 0 2050 831
3093324 0 2050 2845
3093453 0 2050 1565
3093356 0 2050 3697
3079775 0 2050 3681
3093434 0 2050 826
3034915 0 2050 2456
3043136 0 2050 828
3093193 0 2050 1201
3092945 0 2050 1806
3093452 0 2050 824
3093316 0 2050 2701
3043168 0 2050 1437
3093139 0 2050 1570
3045652 0 2050 1000
3093299 0 2050 1013
3093151 0 2050 820
3093241 0 2050 818
3093350 0 2050 1355
3093275 0 2050 811
3093256 0 2050 1202
3093399 0 2050 819
3093211 0 2050 802
3079765 0 2050 824
3093268 0 2050 1550
3093274 0 2050 1207
3093365 0 2050 1420
3093186 0 2050 1981
3093265 0 2050 1009
3043162 0 2050 819
3093451 0 2050 995
3093228 0 2050 820
3093345 0 2050 1184
3093230 0 2050 831
3093147 0 2050 3031
3093344 0 2050 1006
3093255 0 2050 1186
3093441 0 2050 815
3093389 0 2050 1389
3045656 0 2050 4152
3093426 0 2050 819
3093366 0 2050 1208
3079782 0 2050 1201
3093197 0 2050 819
3093182 0 2050 822
3093160 0 2050 1753
3093312 0 2050 827
3093198 0 2050 2550
3017815 0 2050 1008
3093276 0 2050 814
3093401 0 2050 1557
3093326 0 2050 1205
3093144 0 2050 785
3093220 0 2050 820
3093370 0 2050 815
3093223 0 2050 787
3093406 0 2050 1446
3045391 0 2050 1202
3093184 0 2050 5514
3093413 0 2050 1187
3043164 0 2050 1557
3093280 0 2050 2910
3092941 0 2050 824
3093235 0 2050 1010
3045672 0 2050 1947
3093234 0 2050 1004
3093408 0 2050 2530
3093207 0 2050 1216
3042686 0 2050 2950
3093247 0 2050 822
3079762 0 2050 1364
3093341 0 2050 1191
3079771 0 2050 2163
3093346 0 2050 1731
3093393 0 2050 1397
3045666 0 2050 1376
3093209 0 2050 35540
3092947 0 2050 9918
3093327 0 2050 817
3093248 0 2050 1203
3093155 0 2050 990
3079768 0 2050 1392
3093306 0 2050 1380
3093185 0 2050 1199
3093290 0 2050 1386
3093187 0 2050 1196
3093390 0 2050 819
3093239 0 2050 1769
3093145 0 2050 823
3045682 0 2050 1365
3093362 0 2050 1006
3093176 0 2050 1218
3093219 0 2050 820
3093201 0 2050 1197
3093215 0 2050 821
3093242 0 2050 4143
3092942 0 2050 946
3093348 0 2050 852
3045683 0 2050 1591
3093319 0 2050 1194
3093304 0 2050 2158
3045389 0 2050 827
3093296 0 2050 1020
3017803 0 2050 1008
3093284 0 2050 817
3042693 0 2050 815
3093373 0 2050 996
3093169 0 2050 816
3093305 0 2050 14906
3093384 0 2050 821
3093137 0 2050 2129
3044450 0 2050 821
3093142 0 2050 1186
3093226 0 2050 819
3093244 0 2050 807
3093411 0 2050 805
3093258 0 2050 1180
3093394 0 2050 1574
3093283 0 2050 1000
3043153 0 2050 821
3045393 0 2050 2756
3042691 0 2050 1199
3093213 0 2050 1780
3093342 0 2050 1980
3093352 0 2050 3712
3092893 0 2050 816
3093266 0 2050 819
3093378 0 2050 1220
3093427 0 2050 1910
3045667 0 2050 1960
3093196 0 2050 1182
3093227 0 2050 3800
3093271 0 2050 1013
3093254 0 2050 1598
3045390 0 2050 10221
3093261 0 2050 2725
3092935 0 2050 1374
3093354 0 2050 823
3042697 0 2050 1817
3093164 0 2050 817
3093157 0 2050 3077
3093273 0 2050 1183
3018131 0 2050 1008
3093368 0 2050 814
3093167 0 2050 3614
3093403 0 2050 827
3093140 0 2050 818
3043160 0 2050 810
3093363 0 2050 807
3093332 0 2050 1216
3093313 0 2050 815
3093126 0 2050 846
3093163 0 2050 1586
3017863 0 2050 1008
3093277 0 2050 1395
3093439 0 2050 1015
3079774 0 2050 1597
3093218 0 2050 1178
3043086 0 2050 817
3043129 0 2050 2176
3093367 0 2050 799
3045388 0 2050 800
3023482 0 2050 1008
3093166 0 2050 1194
3093371 0 2050 1190
3045674 0 2050 818
3093205 0 2050 1742
3093450 0 2050 809
3045680 0 2050 1032
3093240 0 2050 787
3093285 0 2050 1550
3093314 0 2050 809
3093217 0 2050 810
3093263 0 2050 819
3093294 0 2050 1375
3093204 0 2050 1181
3043165 0 2050 813
3045670 0 2050 1566
3093377 0 2050 2529
3093343 0 2050 2655
3093174 0 2050 1186
3093231 0 2050 1200
3093269 0 2050 2157
3093262 0 2050 1009
3043088 0 2050 820
3093150 0 2050 1004
3093224 0 2050 1017
3045664 0 2050 1985
3093417 0 2050 1233
3093162 0 2050 1407
3093407 0 2050 817
3092936 0 2050 1010
3093416 0 2050 2492
3093448 0 2050 3269
3093435 0 2050 2842
3093381 0 2050 2166
3093246 0 2050 1938
3079776 0 2050 798
3093202 0 2050 1186
3093402 0 2050 1177
3093170 0 2050 3488
3093225 0 2050 1391
3043145 0 2050 993
3093446 0 2050 820
3093347 0 2050 1747
3043169 0 2050 1769
3093447 0 2050 822
3092898 0 2050 814
3093300 0 2050 824
3093379 0 2050 816
3093309 0 2050 1776
3093222 0 2050 3237
3045660 0 2050 2171
3045675 0 2050 1768
3093383 0 2050 1003
3093214 0 2050 1024
3093287 0 2050 812
3093321 0 2050 816
3092939 0 2050 997
3092932 0 2050 1372
3092944 0 2050 819
3017813 0 2050 1008
3093318 0 2050 2150
3093156 0 2050 1000
3023497 0 2050 1412
3079769 0 2050 1569
3017807 0 2050 1008
3093311 0 2050 1010
3093437 0 2050 1390
3093297 0 2050 1959
3093161 0 2050 1782
3093428 0 2050 1394
3093369 0 2050 1570
